function Data = EXP_Tempo(~)
% Data of temporal DOL

numT = 7; % number of systems
delay_time = [-6, -12, -32, 0, 6, 12, 18]; % delay time > 0  means YX is added first

% For each condition, the experiment has two replicates (1 and 2)
% time    glucose(1)  glucose(2)   xylose(1)   xylose(2)   ethanol(1)  ethanol(2)   OD(1)    OD(2)
X1 = [
    0	    68.5	    68.07	    37.19	    37.85	    0	        0	        8.218	6.816
    3	    28.43	    24.07	    37.73	    37.5	    18.02	    18.94	    10.56	11.05
    6	    0	        0	        37.58	    37.5	    29.19	    29.38	    13.41	13.83
    7	    0.087	    0.095	    36.79	    36.87	    29.73	    29.57	    21.9	20.82
    9	    0	        0	        34.33	    35.19	    30.43	    29.84	    19.08	23.37
    12	    0	        0	        32.39	    32.609	    30.15	    29.37   	19.92	22.73
    18	    0	        0	        29.33	    29.931	    30.29	    29.63	    29.57	25.57
    24	    0	        0	        27.79	    28.2	    29.7	    28.1	    19.31	25.98
    30	    0	        0	        26.9717	    27.12582	28.50798	27.63571	20.79	25.15
    36	    0	        0	        25.6044	    26.00712	28.76671	26.83196	30.77	25.69
    42	    0	        0	        25.35427	24.73406	29.08376	25.87777	27.28	31.33
    48	    0	        0	        23.42537	24.04806	26.59712	24.41316	24.71	22.95
    60	    0	        0	        22.17749	22.39614	23.18184	26.10106	29.5	26.74
    72	    0	        0	        21.60029	21.81864	25.10451	20.81323	30.02	25.34
    96	    0	        0	        19.72237	19.99589	17.58929	17.25507	25.44	28.11
    120	    0	        0	        19.44585	18.56392	15.16011	14.52251	30.15	29.76
];

X2 = [
    0	    72.08036	70.55055	37.0348	    38.70981	0	        0	        9.353	8.054
    3	    28.0768	    29.36524	36.71466	37.7598	    19.03511	17.40494	13.03	10.24
    6	    8.52E-02	0	        37.68248	38.25279	31.03477	29.73436	13.13	13.03
    9	    0	        0	        36.45818	38.20589	31.76226	30.58596	13.8	14.64
    12	    0	        0	        35.37758	37.2486	    30.26293	29.3793	    16.98	16.42
    13	    0	        0	        35.17816	36.74868	29.90545	28.84667	23.9	24.1
    18	    0	        0	        32.12957	34.58372	29.77856	28.19709	35.53	19.69
    24	    0	        0	        30.45885	32.65268	28.66819	27.01681	21.41	25.03
    30	    0	        0	        29.96062	31.57379	28.15183	26.14446	28.92	23.1
    36	    0	        0	        30.96664	29.65479	24.94054	29.09601	31.28	28.014
    42	    0	        0	        29.68087	27.46127	23.39083	23.61589	27.19	25.69
    48	    0	        0	        29.01454	26.69433	22.50292	21.41705	30.07	23.24
    60	    0	        0	        27.90359	25.55804	20.75024	21.06083	27.57	31.06
    72	    0	        0	        27.50711	24.58275	18.35551	19.5011	    25.56	27.47
    96	    0	        0	        25.18412	22.54424	13.58531	13.13651	24.64	30.77
    120	    0	        0	        23.74919	20.27723	7.06	    8.3752	    29.55	24.24
];

X3 = [
    0	    72.39088	74.67533	38.13326	39.23889	0	        0	        6.535	8.619
    3	    29.50141	30.23633	38.06515	37.76047	18.64962	18.10116	10.35	12.77
    6	    8.48E-02	9.58E-02	38.3953	    38.40343	30.91946	31.05445	11.43	12.7
    9	    0	        0	        37.45051	37.87582	31.10073	31.54138	14.2	13.48
    12	    0	        0	        36.77473	36.89525	29.91637	30.07992	16.2	15.88
    18	    0	        0	        38.0797	    36.54949	29.74522	27.87774	18.28	20.34
    24	    0	        0	        34.84017	35.24445	26.45155	26.56204	18.3	19.9
    30	    0	        0	        35.21045	34.72483	23.81564	25.14477	14.22	19.37
    32	    0	        0	        35.58105	34.82723	23.35672	24.93374	19.56	19.02
    33	    0	        0	        34.52729	33.91952	23.08226	25.12046	27.76	32.48
    36	    0	        0	        33.0584	    32.80349	24.40304	22.26682	28.94	29.57
    42	    0	        0	        31.77184	30.9835	    16.08237	23.15007	30.2	32.7
    48	    0	        0	        30.30036	30.89584	21.552	    15.10249	26.5	30.54
    60	    0	        0	        30.01167	26.48051	10.5489	    19.10044	28.29	39.35
    72	    0	        0	        29.97598	27.96564	5.38783	    19.36012	33.19	36.87
    96	    0	        0	        25.07011	25.62983	9.82E-01	15.15507	31.18	37.94
    120	    0	        0	        20.65503	24.96589	5.16E-01	10.94245	29.83	44.07    
];


X4 = [
    0	    66.42022	70.72678	41.84068	43.29036	0	        0	        17.02	17.2
    3	    25.64023	27.51632	36.59563	34.77792	23.36673	19.79031	22.03	21.52
    6	    0	        0	        31.15985	29.96059	30.48558	33.06006	23.46	23.24
    9	    0	        0	        27.94673	26.44433	33.36404	35.15395	26.84	27.24
    12	    0	        0	        24.90674	24.03165	32.66881	33.88834	27.75	26.51
    15	    0	        0	        22.48385	21.46439	34.68129	39.21449	29.83	28.87
    18	    0	        0	        21.14121	20.16576	33.34383	34.22869	28.5	26.25
    21	    0	        0	        18.6998	    20.62211	35.31528	38.53811	28.52	29.02
    24	    0	        0	        19.40439	15.67412	40.14018	36.35809	29.84	28.67
    27	    0	        0	        13.83989	15.1574	    34.23716	36.92877	31.7	29.82
    30	    0	        0	        14.43974	12.40303	36.16349	33.77031	33.03	29.3
];

X5 = [
    0	    71.63365	71.35435	45.3884	    44.53786	0	        0	        7.731	8.574
    3	    68.15537	69.41143	34.95513	37.15259	2.68968	    2.34222	    8.032	8.222
    6	    69.7162	    71.3279	    31.27884	29.66333	3.85265	    4.57787	    8.211	9.137
    7	    67.10863	65.98016	30.30202	27.57362	4.88173	    5.32599	    18.8	18.77
    9	    36.54692	38.56901	20.26195	23.41992	17.29207	22.57969	21.56	21.54
    11	    17.21189	14.90535	19.90184	16.84525	32.26259	32.3931	    24.14	26.45
    12	    6.72654	    4.4226	    17.6528	    13.58909	37.67308	36.10421	24.59	29.42
    15	    0	        0	        12.34439	10.50817	42.0864	    43.32723	28.34	26.08
    18	    0	        0	        10.27494	7.49395	    39.79705	41.99014	26.66	28.29
    21	    0	        0	        5.41492	    8.42113	    40.35267	47.83568	28.41	29.69
    24	    0	        0	        6.41302	    3.80936	    43.51358	39.86712	29.49	29.79
    27	    0	        0	        2.73912	    4.47193	    40.75665	39.12936	31.3	33.25
    30	    0	        0	        3.74856	    2.11076	    41.39813	41.09056	27.16	30.27
];

X6 = [
    0	    73.62864	68.16436	46.07322	42.81534	0	        0	        10.78	8.574
    3	    70.30293	67.56945	35.78775	35.36648	2.81414	    2.44873	    9.47	8.048
    6	    70.78916	68.6215	    28.77644	29.57178	4.67692	    4.0842	    9.919	9.91
    9	    70.80294	70.75388	22.09851	19.81277	6.73543	    7.47195	    12.44	10.73
    12	    72.47428	70.14383	11.64572	14.50149	9.5225	    8.29891	    13.03	10.57
    13	    68.84824	67.77752	11.11951	14.08757	14.05613	9.31522	    20.48	21.76
    15	    40.13133	40.62518	6.39547	    8.13783	    20.98784	24.19587	24.28	24.3
    17	    20.05384	19.94647	4.01207	    5.78031	    36.56985	37.6212	    28.02	27.02
    18	    13.90885	12.75974	3.47604	    4.94859	    36.96865	35.28125	28.16	25.58
    20	    0	        0	        3.43285	    2.16995	    35.89086	44.63913	26.9	25.98
    21	    0	        0	        3.27102	    2.13475	    43.32811	46.65972	30.7	28.44
    24	    0	        0	        1.33467	    2.1809	    45.80852	43.26014	32.17	29.75
    27	    0	        0	        1.43616	    0.589776	48.51254	48.29426	32.24	30.34
];

